PIN 1 1
TEMPR 299.
SINOT  H BE BE9 H3 HE3 LI6 B10 B11 C12 O O16 O17 AL FE NI CR N14 SI CD MN C MG CU ZN TI NB HF PB CO59 CO
       KR83 ZR93 TC99 MO95 MO97 RU01 RH03 RH05 PD05 CD13 CS33 CS34 CS35 LA39 CE41 PR41 PR43 ND43 ND44 ND45 ND47 EU53 EU54 EU55
       I129 I135 XE31 XE33 XE35 XE36 PM47 PM48 PM8M PM49 SM47 SM49 SM50 SM51 SM52 RA26
       TH32 TH33 TH34 PA31 PA32 PA33 U232 U233 BR79
       U234 U235 U236 U237 U238 NP37 PU38 PU39 PU40 PU41 PU42
#INCLUDE matr-1465-crit
EGRC  1.E+05, 1.0,  0.0
DELN 1
FINISH физического модуля
***********************************
HEAD  1  0  8000000
#INCLUDE geom_be_tvs_6layer_10.12.2018
C=C SHOW
FINISH геометрического модуля
***********************************
NPS      1
PROB     1
ANGLEN   SPEC   NO
MDIS     S
EDIS     S
TYPE     N
RCZ     25,30,0   60  20
REPER    1  0  0
SNAM     SPEC
NOBJ     0
FINISH модуля источника
***********************************
RGS  1 1
KEFF
LIFE
PERC  0
NRET  4312 UP
** 3 группы
PTYPE  1
TTYPE  1
ZFLU 5001-5005
ENERGY    1E5 ,0.625, 0.0
END
** 44 группы
PTYPE  1
TTYPE  1
ZFLU 5001-5005
ENERGY    1E7, 9E6, 8.5E6, 8E6, 7.5E6, 7E6, 6.5E6, 6E6, 5.5E6, 5E6, 4.5E6, 4E6, 3.5E6, 3E6,
          2.6E6, 2.3E6, 2E6, 1.7E6, 1.4E6, 1.2E6, 1E6, 8E5, 6E5, 5E5, 4E5, 3E5, 2E5, 1E5,
          6E4, 4E4, 2E4, 1E4, 5E3, 2E3, 1E3, 5E2, 2E2, 1E2, 3E1, 1E1, 3, 1, 0.5,  0.0
END
** 176 группы
PTYPE  1
TTYPE  1
ZFLU 5001-5005
ENERGY    1.80E+07 1.75E+07 1.70E+07 1.65E+07 1.60E+07 1.55E+07 1.50E+07 1.45E+07 1.40E+07 1.35E+07
          1.30E+07 1.25E+07 1.20E+07 1.15E+07 1.10E+07 1.05E+07 1.00E+07 9.80E+06 9.60E+06 9.40E+06
          9.20E+06 9.00E+06 8.80E+06 8.60E+06 8.40E+06 8.20E+06 8.00E+06 7.80E+06 7.60E+06 7.40E+06
          7.20E+06 7.00E+06 6.80E+06 6.60E+06 6.40E+06 6.20E+06 6.00E+06 5.80E+06 5.60E+06 5.40E+06
          5.20E+06 5.00E+06 4.80E+06 4.60E+06 4.40E+06 4.20E+06 4.00E+06 3.80E+06 3.60E+06 3.40E+06
          3.20E+06 3.00E+06 2.90E+06 2.80E+06 2.70E+06 2.60E+06 2.50E+06 2.40E+06 2.30E+06 2.20E+06
          2.10E+06 2.00E+06 1.90E+06 1.80E+06 1.70E+06 1.60E+06 1.50E+06 1.40E+06 1.30E+06 1.20E+06
          1.10E+06 1.00E+06 8.80E+05 7.60E+05 6.60E+05 5.75E+05 5.00E+05 4.25E+05 3.60E+05 3.00E+05
          2.55E+05 2.20E+05 1.90E+05 1.60E+05 1.35E+05 1.15E+05 1.00E+05 8.00E+04 6.30E+04 5.00E+04
          4.00E+04 3.20E+04 2.55E+04 2.00E+04 1.60E+04 1.28E+04 1.00E+04 8.00E+03 6.30E+03 5.00E+03
          4.00E+03 3.20E+03 2.55E+03 2.00E+03 1.60E+03 1.28E+03 1.00E+03 8.00E+02 6.30E+02 5.00E+02
          4.00E+02 3.20E+02 2.55E+02 2.00E+02 1.60E+02 1.28E+02 1.00E+02 8.00E+01 6.30E+01 5.00E+01
          4.00E+01 3.20E+01 2.55E+01 2.00E+01 1.60E+01 1.28E+01 1.00E+01 8.00E+00 6.30E+00 5.00E+00
          4.00E+00 3.20E+00 2.55E+00 2.00E+00 1.60E+00 1.28E+00 1.00E+00 8.00E-01 6.30E-01 5.00E-01
          4.00E-01 3.20E-01 2.55E-01 2.00E-01 1.60E-01 1.28E-01 1.00E-01 8.00E-02 6.30E-02 5.00E-02
          4.00E-02 3.20E-02 2.55E-02 2.00E-02 1.60E-02 1.28E-02 1.00E-02 8.00E-03 6.30E-03 5.00E-03
          4.00E-03 3.20E-03 2.55E-03 2.00E-03 1.60E-03 1.28E-03 1.00E-03 8.00E-04 6.30E-04 5.00E-04
          4.00E-04 3.20E-04 2.55E-04 2.00E-04 1.60E-04 1.28E-04 1.00E-04 0.0
END
FINISH модуля регистрации
***********************************
BRG 1 1
BURALL
VOL   52.0 52.0 52.0 52.0 45.7 45.7 45.7 45.7 45.7 52.0 52.0 52.0 45.7 45.7 45.7 45.7 45.7 52.0 52.0 52.0
      52.0 52.0 52.0 52.0 45.7 45.7 45.7 45.7 45.7 52.0 52.0 52.0 45.7 45.7 45.7 45.7 45.7 52.0 52.0 52.0
      52.0 52.0 52.0 52.0 45.7 45.7 45.7 45.7 45.7 52.0 52.0 52.0 45.7 45.7 45.7 45.7 45.7 52.0 52.0 52.0
      52.0 52.0 52.0 52.0 45.7 45.7 45.7 45.7 45.7 52.0 52.0 52.0 45.7 45.7 45.7 45.7 45.7 52.0 52.0 52.0
      52.0 52.0 52.0 52.0 45.7 45.7 45.7 45.7 45.7 52.0 52.0 52.0 45.7 45.7 45.7 45.7 45.7 52.0 52.0 52.0
      52.0 52.0 52.0 52.0 45.7 45.7 45.7 45.7 45.7 52.0 52.0 52.0 45.7 45.7 45.7 45.7 45.7 52.0 52.0 52.0
      1 1 1 1 1 1 1 1 1 1 1 1 1 1 1 1 1 1 1 1 1 1 1 1 1 1 1 1 1 1 1 1 1 1 1 1 1 1 1 1 1 1 1 1 1 1 1 1 1 1 1 1 1 1 1 1 1 1 1 1 1 1 1 1 1 1 1 1 1 1 1 1 1 1 1 1 1 1 1 1 1 1 1 1 1 1 1 1 1 1 1 1 1 1 1 1 1 1 1 1 1 1 1 1 1 1 1 1 1 1 1 1 1 1 1 1 1 1 1 1
      1 1 1 1 1 1 1 1 1 1 1 1 1 1 1 1 1 1 1 1 1 1 1 1 1 1 1 1 1 1 1 1 1 1 1 1 1 1 1 1 1 1 1 1 1 1 1 1 1 1 1 1 1 1 1 1 1 1 1 1 1 1 1 1 1 1 1 1 1 1 1 1 1 1 1 1 1 1 1 1 1 1 1 1 1 1 1 1 1 1 1 1 1 1 1 1 1 1 1 1 1 1 1 1 1 1 1 1 1 1 1 1 1 1 1 1 1 1 1 1
      1 1 1 1 1 1 1 1 1 1 1 1 1 1 1 1 1 1 1 1 1 1 1 1 1 1 1 1 1 1 1 1 1 1 1 1 1 1 1 1 1 1 1 1 1 1 1 1 1 1 1 1 1 1 1 1 1 1 1 1 1 1 1 1 1 1 1 1 1 1 1 1 1 1 1 1 1 1 1 1 1 1 1 1 1 1 1 1 1 1 1 1 1 1 1 1 1 1 1 1 1 1 1 1 1 1 1 1 1 1 1 1 1 1 1 1 1 1 1 1
      1 1 1 1 1 1 1 1 1 1 1 1 1 1 1 1 1 1 1 1 1 1 1 1 1 1 1 1 1 1 1 1 1 1 1 1 1 1 1 1 1 1 1 1 1 1 1 1 1 1 1 1 1 1 1 1 1 1 1 1 1 1 1 1 1 1 1 1 1 1 1 1 1 1 1 1 1 1 1 1 1 1 1 1 1 1 1 1 1 1 1 1 1 1 1 1 1 1 1 1 1 1 1 1 1 1 1 1 1 1 1 1 1 1 1 1 1 1 1 1
      1 1 1 1 1 1 1 1 1 1 1 1 1 1 1 1 1 1 1 1 1 1 1 1 1 1 1 1 1 1 1 1 1 1 1 1 1 1 1 1 1 1 1 1 1 1 1 1 1 1 1 1 1 1 1 1 1 1 1 1 1 1 1 1 1 1 1 1 1 1 1 1 1 1 1 1 1 1 1 1 1 1 1 1 1 1 1 1 1 1 1 1 1 1 1 1 1 1 1 1 1 1 1 1 1 1 1 1 1 1 1 1 1 1 1 1 1 1 1 1
      1 1 1 1 1 1 1 1 1 1 1 1 1 1 1 1 1 1 1 1 1 1 1 1 1 1 1 1 1 1 1 1 1 1 1 1 1 1 1 1 1 1 1 1 1 1 1 1 1 1 1 1 1 1 1 1 1 1 1 1 1 1 1 1 1 1 1 1 1 1 1 1 1 1 1 1 1 1 1 1 1 1 1 1 1 1 1 1 1 1 1 1 1 1 1 1 1 1 1 1 1 1 1 1 1 1 1 1 1 1 1 1 1 1 1 1 1 1 1 1
      1 1 1 1 1 1 1 1 1 1 1 1 1 1 1 1 1 1 1 1 1 1 1 1 1 1 1 1 1 1 1 1 1 1 1 1 1 1 1 1 1 1 1 1 1 1 1 1 1 1 1 1 1 1 1 1 1 1 1 1 1 1 1 1 1 1 1 1 1 1 1 1 1 1 1 1 1 1 1 1 1 1 1 1 1 1 1 1 1 1 1 1 1 1 1 1 1 1 1 1 1 1 1 1 1 1 1 1 1 1 1 1 1 1 1 1 1 1 1 1
      1 1 1 1 1 1 1 1 1 1 1 1 1 1 1 1 1 1 1 1 1 1 1 1 1 1 1 1 1 1 1 1 1 1 1 1 1 1 1 1 1 1 1 1 1 1 1 1 1 1 1 1 1 1 1 1 1 1 1 1 1 1 1 1 1 1 1 1 1 1 1 1 1 1 1 1 1 1 1 1 1 1 1 1 1 1 1 1 1 1 1 1 1 1 1 1 1 1 1 1 1 1 1 1 1 1 1 1 1 1 1 1 1 1 1 1 1 1 1 1
      1 1 1 1 1 1 1 1 1 1 1 1 1 1 1 1 1 1 1 1 1 1 1 1 1 1 1 1 1 1 1 1 1 1 1 1 1 1 1 1 1 1 1 1 1 1 1 1 1 1 1 1 1 1 1 1 1 1 1 1 1 1 1 1 1 1 1 1 1 1 1 1 1 1 1 1 1 1 1 1 1 1 1 1 1 1 1 1 1 1 1 1 1 1 1 1 1 1 1 1 1 1 1 1 1 1 1 1 1 1 1 1 1 1 1 1 1 1 1 1
      150000 1 1 1 1 1 1 1 1 1 1 1 1 1 1 1 1 1 1 1 1 1 1 1 1 1 1 1 1 1 
      212 212 212 212 212 212 212 212 212 
      999999 200000 42000 1000  1 1 1 1 1 1
      523.7 523.7 523.7 523.7 523.7 468 468 523.7 468 468 523.7 523.7 523.7 523.7 307.8 523.7 523.7 523.7 523.7 307.8 307.8 523.7 523.7 523.7 523.7 523.7 523.7 468 468 523.7 523.7 523.7 523.7 465.5 468 468
      523.7 523.7 523.7 523.7 523.7 468 468 523.7 468 468 523.7 523.7 523.7 523.7 307.8 523.7 523.7 523.7 523.7 307.8 307.8 523.7 523.7 523.7 523.7 523.7 523.7 468 468 523.7 523.7 523.7 523.7 465.5 468 468
      523.7 523.7 523.7 523.7 523.7 468 468 523.7 468 468 523.7 523.7 523.7 523.7 307.8 523.7 523.7 523.7 523.7 307.8 307.8 523.7 523.7 523.7 523.7 523.7 523.7 468 468 523.7 523.7 523.7 523.7 465.5 468 468
      523.7 523.7 523.7 523.7 523.7 468 468 523.7 468 468 523.7 523.7 523.7 523.7 307.8 523.7 523.7 523.7 523.7 307.8 307.8 523.7 523.7 523.7 523.7 523.7 523.7 468 468 523.7 523.7 523.7 523.7 465.5 468 468
      523.7 523.7 523.7 523.7 523.7 468 468 523.7 468 468 523.7 523.7 523.7 523.7 307.8 523.7 523.7 523.7 523.7 307.8 307.8 523.7 523.7 523.7 523.7 523.7 523.7 468 468 523.7 523.7 523.7 523.7 465.5 468 468
      523.7 523.7 523.7 523.7 523.7 468 468 523.7 468 468 523.7 523.7 523.7 523.7 307.8 523.7 523.7 523.7 523.7 307.8 307.8 523.7 523.7 523.7 523.7 523.7 523.7 468 468 523.7 523.7 523.7 523.7 465.5 468 468
      
FINISH
***********************************
ISTR  0
NTOT  50
NBAT  50
NSKI  5
FINISH алгоритм моделирования
***********************************
NAMV  fresh_heu_bur_axial
MAXS  50
DTZM  10
FINISH  управление шагом расчета
***********************************
BURN
CODE   RSTP
POWZ   1 120
ABSZ   1250 1466
POWE   6000 100, 6000 150, 6000 200, 6000 250,
       
STEP   100 1, 150 1, 200 1, 250 1
       
COLI   1
ZONP   1466
SUMZ   ZONB SUMB
LIST   RA26 AC TH27 TH28 TH29 TH30
PARA   DENS, CURI, HEAT HGAM
FINISH
*************************